%YAML:1.0
---
M1: [ 6.0148802591290348e+02, 0., 5.0373317470606298e+02, 0.,
    6.0129170128173098e+02, 3.8685957862776650e+02, 0., 0., 1. ]
D1: [ -9.4396656434298329e-02, 9.0495725886913653e-02,
    -1.7949051093776441e-04, 2.4244917139026780e-04,
    -7.9118437348731866e-03 ]
R1: [ 9.9999693580025584e-01, 5.3584822898358514e-04,
    -2.4168692092283871e-03, -5.3835716255060562e-04,
    9.9999931681879972e-01, -1.0375613231419034e-03,
    2.4163115826713066e-03, 1.0388592826965084e-03,
    9.9999654109888114e-01 ]
P1: [ 5.8968094803499332e+02, 0., 5.0357201110404446e+02, 0., 0.,
    5.8968094803499332e+02, 3.8684195164961847e+02, 0., 0., 0., 1., 0. ]
M2: [ 5.9966256309217499e+02, 0., 5.0170217966880250e+02, 0.,
    5.9946265511223851e+02, 3.8712109359735837e+02, 0., 0., 1. ]
D2: [ -9.5379824524980270e-02, 9.0222106642541586e-02,
    2.3120831672863949e-04, -2.8691658555531801e-04,
    -7.7498370275258799e-03 ]
R2: [ 9.9999699410399090e-01, 2.2997154645682154e-03,
    8.2997687529053651e-04, -2.3005860803766969e-03,
    9.9999681570928900e-01, 1.0372578083313873e-03,
    -8.3249294395002394e-04, -1.0391684664729588e-03,
    9.9999910965443461e-01 ]
P2: [ 5.8968094803499332e+02, 0., 5.0357201110404446e+02,
    -1.4740681051360613e+02, 0., 5.8968094803499332e+02,
    3.8684195164961847e+02, 0., 0., 0., 1., 0. ]
Q12: [ 1., 0., 0., -5.0357201110404446e+02, 0., 1., 0.,
    -3.8684195164961847e+02, 0., 0., 0., 5.8968094803499332e+02, 0., 0.,
    4.0003643385294190e+00, 0. ]
T12: [ -2.4997723091582499e-01, -5.7487886125904999e-04,
    -2.0808890399115110e-04 ]
R12: [ 9.9999316485506784e-01, -1.7656002007273501e-03,
    -3.2469650345686644e-03, 1.7588445544505153e-03,
    9.9999628527443518e-01, -2.0822831612868596e-03,
    3.2457253248053979e-03, 2.0765580323435684e-03,
    9.9999256062977815e-01 ]
size: [ 1008, 768 ]
reprojectionError: 1.8401608525941679e-01
# 
#  ==========================================================================
#  ===          The data beyond this point are for internal use           ===
#  ==========================================================================
# 
#  Initially calibrated Region-of-Interest offsets, enforced in ROI selection
O1: [ 0., 2., 0., 2. ]
O2: [ 0., 2., 0., 2. ]
#  Calibration-time factors for binning, decimation, and subsampling
S: [ 1., 1., 1., 1., 1., 1. ]
#  Full-resolution calibration data for changes of ROI or camera settings
M1Full: [ 1.2029760518258070e+03, 0., 1.0154663494121260e+03, 0.,
    1.2025834025634620e+03, 7.7371915725553299e+02, 0., 0., 1. ]
M2Full: [ 1.1993251261843500e+03, 0., 1.0114043593376050e+03, 0.,
    1.1989253102244770e+03, 7.7424218719471673e+02, 0., 0., 1. ]
P1Full: [ 1.1793618960699866e+03, 0., 1.0151440222080889e+03, 0., 0.,
    1.1793618960699866e+03, 7.7368390329923693e+02, 0., 0., 0., 1., 0. ]
P2Full: [ 1.1793618960699866e+03, 0., 1.0151440222080889e+03,
    -2.9481362102721226e+02, 0., 1.1793618960699866e+03,
    7.7368390329923693e+02, 0., 0., 0., 1., 0. ]
QFull12: [ 1., 0., 0., -1.0151440222080889e+03, 0., 1., 0.,
    -7.7368390329923693e+02, 0., 0., 0., 1.1793618960699866e+03, 0., 0.,
    4.0003643385294190e+00, 0. ]
sizeFull: [ 2032, 1536 ]
