%YAML:1.0
---
M1: [ 1.2104567414217067e+03, 0., 9.9702778368652059e+02, 0.,
    1.2102949687298744e+03, 7.8072265429968036e+02, 0., 0., 1. ]
D1: [ -9.3387153961772537e-02, 8.9961998569006635e-02,
    2.2995564065335174e-05, -7.8687783318591225e-05,
    -6.3161138926915014e-03 ]
R1: [ 9.9999990483280754e-01, -2.1320500950006605e-04,
    -3.8062842776118215e-04, 2.1337868719399148e-04,
    9.9999987312549610e-01, 4.5630968394678193e-04,
    3.8053109195866343e-04, -4.5639085851526321e-04,
    9.9999982345172056e-01 ]
P1: [ 1.1906639511536887e+03, 0., 1.0195351529199497e+03, 0., 0.,
    1.1906639511536887e+03, 7.7101316824997923e+02, 0., 0., 0., 1., 0. ]
M2: [ 1.2084748226584436e+03, 0., 1.0451035657465113e+03, 0.,
    1.2084103462391658e+03, 7.6233548932814222e+02, 0., 0., 1. ]
D2: [ -9.3854252665211677e-02, 9.0482227447003127e-02,
    -2.8743971260086992e-04, -3.2693537257982825e-04,
    -5.6840069206689249e-03 ]
R2: [ 9.9999876298519685e-01, 1.3722960438562082e-03,
    7.6865573843277926e-04, -1.3719451245904097e-03,
    9.9999895451412457e-01, -4.5687770030495743e-04,
    -7.6928190627470981e-04, 4.5582258164765602e-04,
    9.9999960021548140e-01 ]
P2: [ 1.1906639511536887e+03, 0., 1.0195351529199497e+03,
    -2.9774861540662113e+02, 0., 1.1906639511536887e+03,
    7.7101316824997923e+02, 0., 0., 0., 1., 0. ]
Q12: [ 1., 0., 0., -1.0195351529199497e+03, 0., 1., 0.,
    -7.7101316824997923e+02, 0., 0., 0., 1.1906639511536887e+03, 0., 0.,
    3.9988899680613312e+00, 0. ]
T12: [ -2.5006956638164202e-01, -3.4316990115858064e-04,
    -1.9221764498602933e-04 ]
R12: [ 9.9999808233858856e-01, -1.5847986030582024e-03,
    -1.1505357592237143e-03, 1.5858478320329864e-03,
    9.9999832702610281e-01, 9.1160937316878859e-04,
    1.1490891171462702e-03, -9.1343219965013577e-04,
    9.9999892261732837e-01 ]
size: [ 2032, 1536 ]
reprojectionError: 5.2663247915771517e-02
# 
#  ==========================================================================
#  ===          The data beyond this point are for internal use           ===
#  ==========================================================================
# 
#  Initially calibrated Region-of-Interest offsets, enforced in ROI selection
O1: [ 0., 2., 0., 2. ]
O2: [ 0., 2., 0., 2. ]
#  Calibration-time factors for binning, decimation, and subsampling
S: [ 1., 1., 1., 1., 1., 1. ]
#  Full-resolution calibration data for changes of ROI or camera settings
M1Full: [ 1.2104567414217067e+03, 0., 9.9702778368652059e+02, 0.,
    1.2102949687298744e+03, 7.8072265429968036e+02, 0., 0., 1. ]
M2Full: [ 1.2084748226584436e+03, 0., 1.0451035657465113e+03, 0.,
    1.2084103462391658e+03, 7.6233548932814222e+02, 0., 0., 1. ]
P1Full: [ 1.1906639511536887e+03, 0., 1.0195351529199497e+03, 0., 0.,
    1.1906639511536887e+03, 7.7101316824997923e+02, 0., 0., 0., 1., 0. ]
P2Full: [ 1.1906639511536887e+03, 0., 1.0195351529199497e+03,
    -2.9774861540662113e+02, 0., 1.1906639511536887e+03,
    7.7101316824997923e+02, 0., 0., 0., 1., 0. ]
QFull12: [ 1., 0., 0., -1.0195351529199497e+03, 0., 1., 0.,
    -7.7101316824997923e+02, 0., 0., 0., 1.1906639511536887e+03, 0., 0.,
    3.9988899680613312e+00, 0. ]
sizeFull: [ 2032, 1536 ]
