%YAML:1.0
---
M1: [ 1.2073918486307807e+03, 0., 9.9868402027263528e+02, 0.,
    1.2073637879218018e+03, 7.7906473686914444e+02, 0., 0., 1. ]
D1: [ -9.4682379311438455e-02, 9.1183035055872774e-02,
    -1.2393113312714253e-04, 3.0407418237064971e-04,
    -7.1569995878807873e-03 ]
R1: [ 9.9999982702676726e-01, -1.4360031088816755e-04,
    -5.7037302383480652e-04, 1.4385733252140074e-04,
    9.9999988813019103e-01, 4.5060478595282101e-04,
    5.7030825303994929e-04, -4.5068676035198315e-04,
    9.9999973581493551e-01 ]
P1: [ 1.1862260655282882e+03, 0., 1.0218397962928784e+03, 0., 0.,
    1.1862260655282882e+03, 7.6861064846854845e+02, 0., 0., 0., 1., 0. ]
M2: [ 1.2061592996990801e+03, 0., 1.0459375134273030e+03, 0.,
    1.2060880715119188e+03, 7.5965757322823788e+02, 0., 0., 1. ]
D2: [ -9.5391704409220152e-02, 9.3350887762969570e-02,
    -4.6061163619320840e-04, 5.0621691331111512e-06,
    -9.1538882398852755e-03 ]
R2: [ 9.9999875010158512e-01, 1.3423266268773699e-03,
    8.3543670869018895e-04, -1.3419500044208729e-03,
    9.9999899779094170e-01, -4.5120649098570338e-04,
    -8.3604153789502945e-04, 4.5008481272849356e-04,
    9.9999954922900258e-01 ]
P2: [ 1.1862260655282882e+03, 0., 1.0218397962928784e+03,
    -2.9647768799795875e+02, 0., 1.1862260655282882e+03,
    7.6861064846854845e+02, 0., 0., 0., 1., 0. ]
Q12: [ 1., 0., 0., -1.0218397962928784e+03, 0., 1., 0.,
    -7.6861064846854845e+02, 0., 0., 0., 1.1862260655282882e+03, 0., 0.,
    4.0010635320943795e+00, 0. ]
T12: [ -2.4993375741784463e-01, -3.3549315686960896e-04,
    -2.0880409666183664e-04 ]
R12: [ 9.9999790727783155e-01, -1.4851731928473017e-03,
    -1.4070183170463255e-03, 1.4864402701203535e-03,
    9.9999849031545796e-01, 8.9992340127826264e-04,
    1.4056796507813058e-03, -9.0201296667589981e-04,
    9.9999860521769091e-01 ]
size: [ 2032, 1536 ]
reprojectionError: 6.1457371346559153e-02
# 
#  ==========================================================================
#  ===          The data beyond this point are for internal use           ===
#  ==========================================================================
# 
#  Initially calibrated Region-of-Interest offsets, enforced in ROI selection
O1: [ 0., 2., 0., 2. ]
O2: [ 0., 2., 0., 2. ]
#  Calibration-time factors for binning, decimation, and subsampling
S: [ 1., 1., 1., 1., 1., 1. ]
#  Full-resolution calibration data for changes of ROI or camera settings
M1Full: [ 1.2073918486307807e+03, 0., 9.9868402027263528e+02, 0.,
    1.2073637879218018e+03, 7.7906473686914444e+02, 0., 0., 1. ]
M2Full: [ 1.2061592996990801e+03, 0., 1.0459375134273030e+03, 0.,
    1.2060880715119188e+03, 7.5965757322823788e+02, 0., 0., 1. ]
P1Full: [ 1.1862260655282882e+03, 0., 1.0218397962928784e+03, 0., 0.,
    1.1862260655282882e+03, 7.6861064846854845e+02, 0., 0., 0., 1., 0. ]
P2Full: [ 1.1862260655282882e+03, 0., 1.0218397962928784e+03,
    -2.9647768799795875e+02, 0., 1.1862260655282882e+03,
    7.6861064846854845e+02, 0., 0., 0., 1., 0. ]
QFull12: [ 1., 0., 0., -1.0218397962928784e+03, 0., 1., 0.,
    -7.6861064846854845e+02, 0., 0., 0., 1.1862260655282882e+03, 0., 0.,
    4.0010635320943795e+00, 0. ]
sizeFull: [ 2032, 1536 ]
