%YAML:1.0
---
M1: [ 1.2069503095211280e+03, 0., 9.9909834604213506e+02, 0.,
    1.2063590953268911e+03, 7.7951543303153778e+02, 0., 0., 1. ]
D1: [ -9.3955401297333582e-02, 9.1357678477072615e-02,
    -1.0386233168220250e-05, 3.8313110130181328e-04,
    -9.1579122117227737e-03 ]
R1: [ 9.9999826729496799e-01, -1.8703721788577770e-04,
    1.8521404214594606e-03, 1.8467203479558689e-04,
    9.9999916747016815e-01, 1.2770885678512276e-03,
    -1.8523777425900421e-03, -1.2767443164930872e-03,
    9.9999746930712219e-01 ]
P1: [ 1.1853742957507930e+03, 0., 1.0179725484857579e+03, 0., 0.,
    1.1853742957507930e+03, 7.6902364747503691e+02, 0., 0., 0., 1., 0. ]
M2: [ 1.2052837177358431e+03, 0., 1.0485232201408330e+03, 0.,
    1.2046833543665730e+03, 7.6005622305533859e+02, 0., 0., 1. ]
D2: [ -9.2545179485003459e-02, 8.4844686828142724e-02,
    -6.0882752088658564e-04, -1.4575561863306821e-04,
    -3.1400104033581450e-03 ]
R2: [ 9.9999395528267188e-01, 1.3101780687600456e-03,
    3.2206880546520023e-03, -1.3060644430941031e-03,
    9.9999832914761633e-01, -1.2790221444154387e-03,
    -3.2223584201207709e-03, 1.2748079869376358e-03,
    9.9999399561737801e-01 ]
P2: [ 1.1853742957507930e+03, 0., 1.0179725484857579e+03,
    -2.9655943010975790e+02, 0., 1.1853742957507930e+03,
    7.6902364747503691e+02, 0., 0., 0., 1., 0. ]
Q12: [ 1., 0., 0., -1.0179725484857579e+03, 0., 1., 0.,
    -7.6902364747503691e+02, 0., 0., 0., 1.1853742957507930e+03, 0., 0.,
    3.9970885272880414e+00, 0. ]
T12: [ -2.5018110200585569e-01, -3.2778377441999379e-04,
    -8.0576015730691401e-04 ]
R12: [ 9.9999795041955164e-01, -1.4889853152565747e-03,
    -1.3718889994962489e-03, 1.4924860989027015e-03,
    9.9999562396326280e-01, 2.5543178285753585e-03,
    1.3680796543223412e-03, -2.5563601185564634e-03,
    9.9999579668166794e-01 ]
size: [ 2032, 1536 ]
reprojectionError: 7.7375685532590180e-02
# 
#  ==========================================================================
#  ===          The data beyond this point are for internal use           ===
#  ==========================================================================
# 
#  Initially calibrated Region-of-Interest offsets, enforced in ROI selection
O1: [ 0., 2., 0., 2. ]
O2: [ 0., 2., 0., 2. ]
#  Calibration-time factors for binning, decimation, and subsampling
S: [ 1., 1., 1., 1., 1., 1. ]
#  Full-resolution calibration data for changes of ROI or camera settings
M1Full: [ 1.2069503095211280e+03, 0., 9.9909834604213506e+02, 0.,
    1.2063590953268911e+03, 7.7951543303153778e+02, 0., 0., 1. ]
M2Full: [ 1.2052837177358431e+03, 0., 1.0485232201408330e+03, 0.,
    1.2046833543665730e+03, 7.6005622305533859e+02, 0., 0., 1. ]
P1Full: [ 1.1853742957507930e+03, 0., 1.0179725484857579e+03, 0., 0.,
    1.1853742957507930e+03, 7.6902364747503691e+02, 0., 0., 0., 1., 0. ]
P2Full: [ 1.1853742957507930e+03, 0., 1.0179725484857579e+03,
    -2.9655943010975790e+02, 0., 1.1853742957507930e+03,
    7.6902364747503691e+02, 0., 0., 0., 1., 0. ]
QFull12: [ 1., 0., 0., -1.0179725484857579e+03, 0., 1., 0.,
    -7.6902364747503691e+02, 0., 0., 0., 1.1853742957507930e+03, 0., 0.,
    3.9970885272880414e+00, 0. ]
sizeFull: [ 2032, 1536 ]
