%YAML:1.0
---
M1: [ 1.2104848291021419e+03, 0., 9.9987978610749951e+02, 0.,
    1.2103034159024494e+03, 7.7761757045996910e+02, 0., 0., 1. ]
D1: [ -8.9386997057722586e-02, 8.5533476210525844e-02,
    -3.4455710542592163e-04, 6.0329764032233631e-04,
    -3.0829691538972518e-03 ]
R1: [ 9.9999983783656421e-01, -4.3352127054346232e-05,
    5.6784455468203660e-04, 4.3099361665580373e-05,
    9.9999989999819694e-01, 4.4513598049289725e-04,
    -5.6786379548818199e-04, -4.4511143457028556e-04,
    9.9999973970322642e-01 ]
P1: [ 1.1925908710270548e+03, 0., 1.0219590291351506e+03, 0., 0.,
    1.1925908710270548e+03, 7.6761484739977675e+02, 0., 0., 0., 1., 0. ]
M2: [ 1.2095465843898139e+03, 0., 1.0466982629820491e+03, 0.,
    1.2092201936288907e+03, 7.6003829434287854e+02, 0., 0., 1. ]
D2: [ -9.1116993494979787e-02, 8.8628861441983856e-02,
    -7.2214825775597513e-04, -1.1232749196414431e-04,
    -4.9510409265266465e-03 ]
R2: [ 9.9999862531000827e-01, 1.5549866163028110e-03,
    5.7566892991981844e-04, -1.5547302182670809e-03,
    9.9999869213918979e-01, -4.4557138385247066e-04,
    -5.7636103456355379e-04, 4.4467576144888404e-04,
    9.9999973503567741e-01 ]
P2: [ 1.1925908710270548e+03, 0., 1.0219590291351506e+03,
    -2.9811177366071581e+02, 0., 1.1925908710270548e+03,
    7.6761484739977675e+02, 0., 0., 0., 1., 0. ]
Q12: [ 1., 0., 0., -1.0219590291351506e+03, 0., 1., 0.,
    -7.6761484739977675e+02, 0., 0., 0., 1.1925908710270548e+03, 0., 0.,
    4.0004822901907771e+00, 0. ]
T12: [ -2.4996983617115578e-01, -3.8870028403901325e-04,
    -1.4390006591393742e-04 ]
R12: [ 9.9999872343348006e-01, -1.5978255853629423e-03,
    -9.2091768268939385e-06, 1.5978331541727951e-03,
    9.9999832679527412e-01, 8.9069403470088272e-04,
    7.7859877006521852e-06, -8.9070761239875543e-04,
    9.9999960328958515e-01 ]
size: [ 2032, 1536 ]
reprojectionError: 7.4679394090008427e-02
# 
#  ==========================================================================
#  ===          The data beyond this point are for internal use           ===
#  ==========================================================================
# 
#  Initially calibrated Region-of-Interest offsets, enforced in ROI selection
O1: [ 0., 2., 0., 2. ]
O2: [ 0., 2., 0., 2. ]
#  Calibration-time factors for binning, decimation, and subsampling
S: [ 1., 1., 1., 1., 1., 1. ]
#  Full-resolution calibration data for changes of ROI or camera settings
M1Full: [ 1.2104848291021419e+03, 0., 9.9987978610749951e+02, 0.,
    1.2103034159024494e+03, 7.7761757045996910e+02, 0., 0., 1. ]
M2Full: [ 1.2095465843898139e+03, 0., 1.0466982629820491e+03, 0.,
    1.2092201936288907e+03, 7.6003829434287854e+02, 0., 0., 1. ]
P1Full: [ 1.1925908710270548e+03, 0., 1.0219590291351506e+03, 0., 0.,
    1.1925908710270548e+03, 7.6761484739977675e+02, 0., 0., 0., 1., 0. ]
P2Full: [ 1.1925908710270548e+03, 0., 1.0219590291351506e+03,
    -2.9811177366071581e+02, 0., 1.1925908710270548e+03,
    7.6761484739977675e+02, 0., 0., 0., 1., 0. ]
QFull12: [ 1., 0., 0., -1.0219590291351506e+03, 0., 1., 0.,
    -7.6761484739977675e+02, 0., 0., 0., 1.1925908710270548e+03, 0., 0.,
    4.0004822901907771e+00, 0. ]
sizeFull: [ 2032, 1536 ]
