%YAML:1.0
---
M1: [ 6.0731067385908932e+02, 0., 5.0297158351917346e+02, 0.,
    6.0702559242116240e+02, 3.8918377010938042e+02, 0., 0., 1. ]
D1: [ -9.0567032799064889e-02, 8.6925604550434035e-02,
    -3.0848576312271855e-04, 2.6641771911411024e-04,
    -2.5341207391174534e-03 ]
R1: [ 9.9999897052845066e-01, 1.0748244473784356e-03,
    9.5062844800658161e-04, -1.0752711340528437e-03,
    9.9999931168088951e-01, 4.6949945221144636e-04,
    -9.5012316418155039e-04, -4.7052115220450172e-04,
    9.9999943793775115e-01 ]
P1: [ 5.9847940015591041e+02, 0., 5.1327066350675170e+02, 0., 0.,
    5.9847940015591041e+02, 3.8350253109478291e+02, 0., 0., 0., 1., 0. ]
M2: [ 6.0676543287429047e+02, 0., 5.2526509907500792e+02, 0.,
    6.0660876345297061e+02, 3.7904589782356743e+02, 0., 0., 1. ]
D2: [ -9.2751097629055465e-02, 9.2201192338838028e-02,
    -7.6679786884028677e-04, -3.4122164923999391e-04,
    -6.2873713065979865e-03 ]
R2: [ 9.9999656150030647e-01, 2.6210371388717501e-03,
    8.4568791132384329e-05, -2.6209971011173414e-03,
    9.9999645467362819e-01, -4.7012165472863653e-04,
    -8.5800697625210894e-05, 4.6989838365903158e-04,
    9.9999988591686828e-01 ]
P2: [ 5.9847940015591041e+02, 0., 5.1327066350675170e+02,
    -1.4953741324192310e+02, 0., 5.9847940015591041e+02,
    3.8350253109478291e+02, 0., 0., 0., 1., 0. ]
Q12: [ 1., 0., 0., -5.1327066350675170e+02, 0., 1., 0.,
    -3.8350253109478291e+02, 0., 0., 0., 5.9847940015591041e+02, 0., 0.,
    4.0022051149680156e+00, 0. ]
T12: [ -2.4986178948621293e-01, -6.5489928168682146e-04,
    -2.1130582159368336e-05 ]
R12: [ 9.9999843183605253e-01, -1.5461341743969589e-03,
    8.6359397316781853e-04, 1.5453206573837045e-03,
    9.9999836241462337e-01, 9.4188753969707227e-04,
    -8.6504884347251719e-04, -9.4055153305666508e-04,
    9.9999918352632278e-01 ]
size: [ 1024, 768 ]
reprojectionError: 3.9853030066142499e-02
# 
#  ==========================================================================
#  ===          The data beyond this point are for internal use           ===
#  ==========================================================================
# 
#  Initially calibrated Region-of-Interest offsets, enforced in ROI selection
O1: [ 0., 2., 0., 2. ]
O2: [ 0., 2., 0., 2. ]
#  Calibration-time factors for binning, decimation, and subsampling
S: [ 2., 2., 1., 1., 1., 1. ]
#  Full-resolution calibration data for changes of ROI or camera settings
M1Full: [ 6.0731067385908932e+02, 0., 5.0297158351917346e+02, 0.,
    6.0702559242116240e+02, 3.8918377010938042e+02, 0., 0., 1. ]
M2Full: [ 6.0676543287429047e+02, 0., 5.2526509907500792e+02, 0.,
    6.0660876345297061e+02, 3.7904589782356743e+02, 0., 0., 1. ]
P1Full: [ 5.9847940015591041e+02, 0., 5.1327066350675170e+02, 0., 0.,
    5.9847940015591041e+02, 3.8350253109478291e+02, 0., 0., 0., 1., 0. ]
P2Full: [ 5.9847940015591041e+02, 0., 5.1327066350675170e+02,
    -1.4953741324192310e+02, 0., 5.9847940015591041e+02,
    3.8350253109478291e+02, 0., 0., 0., 1., 0. ]
QFull12: [ 1., 0., 0., -5.1327066350675170e+02, 0., 1., 0.,
    -3.8350253109478291e+02, 0., 0., 0., 5.9847940015591041e+02, 0., 0.,
    4.0022051149680156e+00, 0. ]
sizeFull: [ 1024, 768 ]
