%YAML:1.0
---
M1: [ 1.2056166815300644e+03, 0., 1.0247903950944628e+03, 0.,
    1.2055613549356967e+03, 7.7155353709166820e+02, 0., 0., 1. ]
D1: [ -9.0035407011357510e-02, 8.1929184256870069e-02,
    1.9985411224228910e-05, -2.0789778298612726e-05,
    -5.9244781359097461e-04 ]
R1: [ 9.9999944634620319e-01, -2.4486989244246735e-05,
    -1.0520017462840770e-03, 2.3713120981878851e-05,
    9.9999972914955182e-01, -7.3562117327936123e-04,
    1.0520194744967155e-03, 7.3559581975517999e-04,
    9.9999917607656807e-01 ]
P1: [ 1.1853366753332141e+03, 0., 1.0176837277299394e+03, 0., 0.,
    1.1853366753332141e+03, 7.7263583333098688e+02, 0., 0., 0., 1., 0. ]
M2: [ 1.2023530088881846e+03, 0., 1.0130139596407822e+03, 0.,
    1.2022719178754467e+03, 7.7345078387160390e+02, 0., 0., 1. ]
D2: [ -9.3652880471430486e-02, 8.9711780082170886e-02,
    3.7809827972161913e-04, -2.6759938600139750e-04,
    -6.4968646421497090e-03 ]
R2: [ 9.9999503775506104e-01, 2.8575515600535021e-03,
    1.5028500423098622e-03, -2.8586389510818861e-03,
    9.9999564507517857e-01, 7.3346157686523454e-04,
    -1.4885211179993462e-03, -7.3773624822813467e-04,
    9.9999861731186246e-01 ]
P2: [ 1.1853366753332141e+03, 0., 1.0176837277299394e+03,
    -2.9637639528330226e+02, 0., 1.1853366753332141e+03,
    7.7263583333098688e+02, 0., 0., 0., 1., 0. ]
Q12: [ 1., 0., 0., -1.0176837277299394e+03, 0., 1., 0.,
    -7.7263583333098688e+02, 0., 0., 0., 1.1853366753332141e+03, 0., 0.,
    3.9994300969892236e+00, 0. ]
T12: [ -2.5003562401373169e-01, -7.1449227463372543e-04,
    -3.7423942059838913e-04 ]
R12: [ 9.9999283477617018e-01, -2.8842241452975582e-03,
    -2.5384132585328598e-03, 2.8804827090578499e-03,
    9.9999476158989420e-01, -1.4763509520631967e-03,
    2.5548849257305190e-03, 1.4690281993623485e-03,
    9.9999568841370268e-01 ]
size: [ 2032, 1536 ]
reprojectionError: 2.2699808090011867e-01
# 
#  ==========================================================================
#  ===          The data beyond this point are for internal use           ===
#  ==========================================================================
# 
#  Initially calibrated Region-of-Interest offsets, enforced in ROI selection
O1: [ 0., 2., 0., 2. ]
O2: [ 0., 2., 0., 2. ]
#  Calibration-time factors for binning, decimation, and subsampling
S: [ 1., 1., 1., 1., 1., 1. ]
#  Full-resolution calibration data for changes of ROI or camera settings
M1Full: [ 1.2056166815300644e+03, 0., 1.0247903950944628e+03, 0.,
    1.2055613549356967e+03, 7.7155353709166820e+02, 0., 0., 1. ]
M2Full: [ 1.2023530088881846e+03, 0., 1.0130139596407822e+03, 0.,
    1.2022719178754467e+03, 7.7345078387160390e+02, 0., 0., 1. ]
P1Full: [ 1.1853366753332141e+03, 0., 1.0176837277299394e+03, 0., 0.,
    1.1853366753332141e+03, 7.7263583333098688e+02, 0., 0., 0., 1., 0. ]
P2Full: [ 1.1853366753332141e+03, 0., 1.0176837277299394e+03,
    -2.9637639528330226e+02, 0., 1.1853366753332141e+03,
    7.7263583333098688e+02, 0., 0., 0., 1., 0. ]
QFull12: [ 1., 0., 0., -1.0176837277299394e+03, 0., 1., 0.,
    -7.7263583333098688e+02, 0., 0., 0., 1.1853366753332141e+03, 0., 0.,
    3.9994300969892236e+00, 0. ]
sizeFull: [ 2032, 1536 ]
